1305031102.375329 1.296826 0.620737 1.595922
1305031102.411258 1.289973 0.618564 1.588465
1305031102.443271 1.288444 0.618884 1.573913
1305031102.475318 1.277517 0.620758 1.564499
1305031102.511219 1.267340 0.622308 1.556432
1305031102.543220 1.257240 0.622145 1.547149
1305031102.575286 1.242823 0.623577 1.541975
1305031102.611233 1.231635 0.626415 1.535988
1305031102.643265 1.229174 0.620725 1.522484
1305031102.675285 1.220916 0.619713 1.510849
1305031102.711263 1.209318 0.621626 1.503274
1305031102.743234 1.207044 0.623028 1.487668
1305031102.775472 1.195588 0.629514 1.482102
1305031102.811232 1.189058 0.629147 1.470116
1305031102.843290 1.178181 0.630133 1.460664
1305031102.875363 1.171386 0.627036 1.450478
1305031102.911185 1.163505 0.626224 1.440776
1305031102.943229 1.155470 0.618699 1.432761
1305031102.975203 1.151041 0.612897 1.424944
1305031103.011215 1.144670 0.616353 1.415134
1305031103.043227 1.137361 0.615601 1.402761
1305031103.075319 1.128298 0.619650 1.398302
1305031103.111240 1.127541 0.618857 1.387571
1305031103.143318 1.120438 0.620633 1.379428
1305031103.175452 1.118670 0.620511 1.369861
1305031103.211220 1.117762 0.618638 1.359866
1305031103.243216 1.114918 0.617648 1.352627
1305031103.275370 1.111115 0.612769 1.349416
1305031103.311210 1.101696 0.614242 1.349592
1305031103.343223 1.100565 0.623494 1.345334
1305031103.375327 1.099465 0.624699 1.345707
1305031103.411260 1.097290 0.621773 1.350736
1305031103.443280 1.099663 0.618748 1.354750
1305031103.475274 1.099581 0.621235 1.360821
1305031103.511333 1.101108 0.621030 1.368629
1305031103.543444 1.103403 0.621379 1.378160
1305031103.575474 1.110553 0.618659 1.387475
1305031103.611223 1.114905 0.618308 1.397471
1305031103.643445 1.121040 0.619301 1.409050
1305031103.675523 1.127745 0.621425 1.419781
1305031103.711610 1.134836 0.623374 1.430378
1305031103.743326 1.139184 0.625353 1.443705
1305031103.775342 1.150186 0.624377 1.454366
1305031103.811242 1.161437 0.623325 1.463992
1305031103.843251 1.173183 0.618738 1.473025
1305031103.875361 1.173864 0.618058 1.489957
1305031103.911221 1.179602 0.618707 1.504970
1305031103.943211 1.189619 0.620469 1.516788
1305031103.975373 1.195798 0.623249 1.531645
1305031104.011232 1.199915 0.630280 1.549095
1305031104.043249 1.210349 0.633343 1.561740
1305031104.075425 1.222721 0.634551 1.568714
1305031104.111235 1.227358 0.640227 1.581474
1305031104.143230 1.235808 0.636088 1.597352
1305031104.175424 1.245962 0.634187 1.607844
1305031104.211283 1.253198 0.633519 1.619251
1305031104.243196 1.261446 0.634473 1.630137
1305031104.275546 1.270313 0.635056 1.639830
1305031104.311219 1.278668 0.635412 1.648911
1305031104.343342 1.288544 0.635496 1.655283
1305031104.375837 1.296566 0.634354 1.663538
1305031104.411509 1.304503 0.630790 1.670054
1305031104.443288 1.313552 0.623478 1.676189
1305031104.475456 1.319056 0.619821 1.683768
1305031104.511329 1.321911 0.619396 1.693217
1305031104.543368 1.328386 0.621957 1.701976
1305031104.575343 1.331312 0.626506 1.713502
1305031104.611336 1.329537 0.636345 1.723688
1305031104.643243 1.341032 0.639081 1.728305
1305031104.675525 1.345222 0.641492 1.741491
1305031104.711277 1.353524 0.639818 1.745721
1305031104.743280 1.363113 0.640384 1.753288
1305031104.775327 1.368373 0.644949 1.755891
1305031104.811465 1.378242 0.645114 1.751736
1305031104.843258 1.390478 0.637769 1.757113
1305031104.875350 1.397002 0.636649 1.753846
1305031104.911534 1.399295 0.637084 1.755112
1305031104.943262 1.400136 0.635473 1.750678
1305031104.975202 1.404747 0.638572 1.745023
1305031105.011290 1.401616 0.638178 1.735677
1305031105.043373 1.397494 0.636303 1.728596
1305031105.075320 1.389522 0.635589 1.721749
1305031105.111299 1.378333 0.634238 1.716672
1305031105.143106 1.378498 0.628106 1.700827
1305031105.175159 1.372124 0.626237 1.679577
1305031105.211268 1.352976 0.623080 1.683927
1305031105.243270 1.345661 0.616970 1.669919
1305031105.275288 1.334970 0.616229 1.658857
1305031105.311290 1.323818 0.612488 1.653250
1305031105.343302 1.308144 0.613853 1.648536
1305031105.375338 1.297784 0.612677 1.639821
1305031105.411286 1.293388 0.610954 1.626621
1305031105.443316 1.278239 0.611779 1.618535
1305031105.475280 1.268842 0.611450 1.608482
1305031105.511332 1.260699 0.613153 1.597447
1305031105.543282 1.247217 0.614635 1.590049
1305031105.575449 1.238325 0.613778 1.579217
1305031105.611378 1.224668 0.617058 1.571429
1305031105.643273 1.215164 0.615474 1.560004
1305031105.675166 1.205936 0.619910 1.549178
1305031105.711309 1.191705 0.625968 1.540375
1305031105.743312 1.187528 0.626021 1.526856
1305031105.775339 1.174679 0.630425 1.518627
1305031105.811283 1.164562 0.630951 1.505760
1305031105.843271 1.155607 0.633740 1.495722
1305031105.875337 1.150229 0.636905 1.481697
1305031105.911262 1.142599 0.636917 1.468674
1305031105.943272 1.136969 0.637673 1.456073
1305031105.975329 1.129743 0.638382 1.444368
1305031106.011285 1.122878 0.640168 1.433317
1305031106.043355 1.116417 0.637400 1.422875
1305031106.075330 1.109843 0.637547 1.412028
1305031106.111327 1.106189 0.636326 1.400751
1305031106.143355 1.097789 0.633352 1.392195
1305031106.175534 1.091318 0.633316 1.384005
1305031106.211275 1.083093 0.632290 1.378627
1305031106.243267 1.079414 0.632092 1.371048
1305031106.276385 1.078723 0.630969 1.362719
1305031106.311238 1.076805 0.631213 1.357027
1305031106.343258 1.078296 0.629787 1.349177
1305031106.375388 1.077240 0.633522 1.347626
1305031106.411320 1.070735 0.635530 1.350685
1305031106.443278 1.069056 0.630741 1.354243
1305031106.475345 1.070866 0.627465 1.359777
1305031106.511129 1.071462 0.626138 1.368060
1305031106.543302 1.077783 0.626976 1.375273
1305031106.575282 1.084660 0.626676 1.383780
1305031106.611151 1.092975 0.624539 1.392130
1305031106.643207 1.096902 0.624827 1.404963
1305031106.675279 1.107624 0.620302 1.412991
1305031106.711508 1.113646 0.617738 1.425849
1305031106.743341 1.123348 0.617215 1.438041
1305031106.775390 1.133144 0.618576 1.451508
1305031106.811289 1.146188 0.617360 1.460783
1305031106.843416 1.149333 0.617583 1.477970
1305031106.875905 1.159338 0.620431 1.492879
1305031106.911243 1.175343 0.619944 1.503634
1305031106.943439 1.181676 0.620430 1.520625
1305031106.975547 1.188859 0.622548 1.537635
1305031107.011576 1.209774 0.618238 1.546207
1305031107.043281 1.215984 0.617483 1.561946
1305031107.075432 1.223495 0.613529 1.577071
1305031107.111229 1.237267 0.613415 1.587642
1305031107.143260 1.249449 0.615036 1.597255
1305031107.175399 1.253855 0.615096 1.611690
1305031107.211358 1.260581 0.617795 1.625983
1305031107.243378 1.272519 0.618059 1.634952
1305031107.275398 1.278030 0.621181 1.646252
1305031107.311226 1.283280 0.620904 1.657390
1305031107.343509 1.288353 0.626060 1.669851
1305031107.375413 1.300344 0.628469 1.672396
1305031107.411271 1.305625 0.629843 1.678988
1305031107.443419 1.313084 0.633068 1.680785
1305031107.475377 1.315114 0.636318 1.684308
1305031107.511352 1.322180 0.637504 1.682454
1305031107.543605 1.321724 0.640374 1.682919
1305031107.575454 1.317611 0.643285 1.684660
1305031107.611271 1.323981 0.644487 1.678976
1305031107.643323 1.322038 0.645626 1.677354
1305031107.675568 1.321133 0.644499 1.675575
1305031107.711307 1.322007 0.644408 1.670611
1305031107.743538 1.324430 0.639697 1.665563
1305031107.775802 1.320877 0.640517 1.664758
1305031107.811596 1.320989 0.641521 1.661387
1305031107.843332 1.319597 0.644747 1.659519
1305031107.875358 1.315330 0.651077 1.660567
1305031107.911541 1.313961 0.654837 1.659141
1305031107.943122 1.311677 0.661818 1.659658
1305031107.975807 1.308768 0.669796 1.658471
1305031108.011320 1.309190 0.680254 1.657823
1305031108.043418 1.309860 0.695512 1.655796
1305031108.075352 1.306137 0.704518 1.651397
1305031108.111378 1.302991 0.709921 1.651177
1305031108.143334 1.304346 0.724779 1.645558
1305031108.176058 1.307551 0.732818 1.636426
1305031108.211475 1.304275 0.747098 1.636683
1305031108.243347 1.297278 0.765204 1.643720
1305031108.275358 1.302087 0.773776 1.632923
1305031108.311332 1.302372 0.780379 1.626945
1305031108.343278 1.301681 0.790218 1.621873
1305031108.375410 1.300749 0.796988 1.619308
1305031108.411361 1.298404 0.810696 1.619084
1305031108.443610 1.298669 0.825183 1.613870
1305031108.475471 1.295387 0.841400 1.615998
1305031108.511378 1.291765 0.860835 1.617256
1305031108.543737 1.289471 0.875209 1.620780
1305031108.575414 1.296801 0.884290 1.612444
1305031108.611407 1.295485 0.900077 1.611134
1305031108.643303 1.299730 0.910572 1.607957
1305031108.675375 1.303689 0.927765 1.600411
1305031108.711411 1.298790 0.933772 1.600976
1305031108.743502 1.297005 0.940625 1.605265
1305031108.775493 1.302367 0.951725 1.604295
1305031108.811244 1.295369 0.948594 1.605396
1305031108.843264 1.295324 0.948495 1.605352
1305031108.876515 1.296295 0.947934 1.609665
1305031108.911364 1.294147 0.949899 1.615339
1305031108.943243 1.293814 0.942285 1.620088
1305031108.975268 1.306104 0.941323 1.617038
1305031109.011269 1.306318 0.942303 1.616846
1305031109.043277 1.304933 0.931751 1.620154
1305031109.075410 1.311022 0.922534 1.615226
1305031109.111282 1.311832 0.918735 1.617598
1305031109.143334 1.306810 0.899084 1.625053
1305031109.175464 1.312622 0.890351 1.619433
1305031109.211379 1.320223 0.882771 1.607564
1305031109.243290 1.315607 0.869664 1.608667
1305031109.275308 1.309022 0.855949 1.621918
1305031109.311329 1.311016 0.835779 1.622005
1305031109.343248 1.314978 0.819303 1.616487
1305031109.375397 1.308853 0.805983 1.618413
1305031109.411329 1.312233 0.794558 1.618546
1305031109.443302 1.314771 0.783573 1.615206
1305031109.475363 1.310935 0.769287 1.617809
1305031109.511273 1.308926 0.757049 1.623374
1305031109.543294 1.311652 0.742877 1.623452
1305031109.575362 1.313839 0.730423 1.619922
1305031109.611310 1.314988 0.716842 1.620853
1305031109.643229 1.318024 0.705860 1.618205
1305031109.675263 1.319141 0.689494 1.617243
1305031109.711312 1.321070 0.674010 1.616198
1305031109.743274 1.319630 0.661923 1.615627
1305031109.775277 1.317149 0.650267 1.614844
1305031109.811371 1.316716 0.636896 1.612697
1305031109.843296 1.315439 0.622934 1.609792
1305031109.875306 1.312494 0.605966 1.608794
1305031109.911265 1.306994 0.594031 1.608805
1305031109.943299 1.310134 0.581244 1.599570
1305031109.975258 1.305733 0.566609 1.596113
1305031110.011256 1.303058 0.553826 1.593014
1305031110.043299 1.299748 0.542325 1.591670
1305031110.075319 1.298664 0.529510 1.587169
1305031110.111325 1.295895 0.513540 1.585296
1305031110.143432 1.289151 0.501110 1.589024
1305031110.175641 1.293516 0.489131 1.581277
1305031110.211637 1.288542 0.477175 1.582677
1305031110.243323 1.283925 0.465282 1.584328
1305031110.279321 1.281630 0.458444 1.583980
1305031110.311404 1.282416 0.444966 1.583781
1305031110.343355 1.284445 0.433295 1.579828
1305031110.379281 1.284516 0.418738 1.580007
1305031110.411469 1.288903 0.408610 1.575802
1305031110.443260 1.289142 0.395526 1.576268
1305031110.479331 1.285033 0.383606 1.577810
1305031110.511429 1.285351 0.370630 1.577898
1305031110.543408 1.290015 0.359426 1.572898
1305031110.579426 1.291405 0.353733 1.568965
1305031110.611307 1.284219 0.346531 1.574706
1305031110.643418 1.281702 0.337197 1.573981
1305031110.679606 1.289868 0.331583 1.570616
1305031110.711412 1.286184 0.324039 1.571850
1305031110.743249 1.284700 0.318217 1.573557
1305031110.779193 1.285707 0.316693 1.574311
1305031110.811386 1.285625 0.313421 1.571372
1305031110.843218 1.285108 0.310781 1.571058
1305031110.879313 1.285099 0.313113 1.571388
1305031110.911333 1.286457 0.313030 1.571354
1305031110.943862 1.286258 0.317463 1.568062
1305031110.979345 1.287907 0.326595 1.567787
1305031111.011431 1.285138 0.343023 1.574916
1305031111.043327 1.287027 0.347755 1.567250
1305031111.079283 1.290157 0.347099 1.564065
1305031111.111508 1.284799 0.360990 1.570502
1305031111.143257 1.283701 0.369966 1.573204
1305031111.179326 1.284145 0.391513 1.575533
1305031111.211433 1.286617 0.399470 1.574131
1305031111.243236 1.283914 0.397440 1.573399
1305031111.279308 1.280900 0.418140 1.575665
1305031111.311547 1.290028 0.424752 1.573955
1305031111.343397 1.291123 0.425628 1.568780
1305031111.379134 1.280975 0.448671 1.577931
1305031111.411296 1.287065 0.449151 1.572427
1305031111.443386 1.285011 0.474055 1.573059
1305031111.479259 1.279584 0.506367 1.574687
1305031111.511264 1.281305 0.512725 1.573585
1305031111.543250 1.275655 0.531279 1.578182
1305031111.579237 1.283730 0.544589 1.577925
1305031111.611271 1.286485 0.544041 1.580250
1305031111.643395 1.275799 0.568579 1.586506
1305031111.679320 1.285509 0.586338 1.581869
1305031111.711760 1.284280 0.603777 1.581963
1305031111.743386 1.275233 0.631391 1.577910
1305031111.779423 1.285326 0.644319 1.570075
1305031111.811406 1.281031 0.650971 1.580697
1305031111.843299 1.287395 0.663363 1.582266
1305031111.879442 1.289740 0.666646 1.580239
1305031111.911354 1.285053 0.670196 1.584277
1305031111.943300 1.287888 0.687292 1.582205
1305031111.979449 1.289882 0.709884 1.581303
1305031112.011433 1.287315 0.727432 1.587333
1305031112.043270 1.289903 0.742132 1.583107
1305031112.079339 1.291009 0.761400 1.587652
1305031112.111423 1.291180 0.762708 1.587114
1305031112.144342 1.297868 0.782505 1.584197
1305031112.179390 1.295869 0.800077 1.583690
1305031112.211254 1.287436 0.813429 1.587144
1305031112.243369 1.285302 0.827802 1.596375
1305031112.279353 1.285265 0.834041 1.594021
1305031112.311312 1.282222 0.845976 1.596464
1305031112.343323 1.284337 0.855921 1.594851
1305031112.379360 1.286580 0.865192 1.595857
1305031112.411442 1.288385 0.878151 1.597410
1305031112.443391 1.288126 0.892844 1.601832
1305031112.479418 1.290700 0.900144 1.600134
1305031112.511504 1.289225 0.907334 1.600732
1305031112.543212 1.289780 0.917751 1.602320
1305031112.579252 1.292822 0.928419 1.601304
1305031112.611261 1.299466 0.947480 1.596552
1305031112.643246 1.299708 0.957137 1.594747
1305031112.679952 1.298778 0.959366 1.597486
1305031112.711251 1.301996 0.964311 1.594288
1305031112.743245 1.310399 0.966045 1.586622
1305031112.779310 1.304042 0.963191 1.591657
1305031112.811310 1.297093 0.949834 1.594146
1305031112.843286 1.301867 0.946084 1.586693
1305031112.879421 1.300763 0.946560 1.587386
1305031112.911411 1.296560 0.932831 1.588202
1305031112.943321 1.296127 0.927590 1.590111
1305031112.979278 1.296199 0.923009 1.589170
1305031113.011353 1.300913 0.917825 1.587074
1305031113.043231 1.301045 0.908930 1.588998
1305031113.079251 1.292059 0.894460 1.598379
1305031113.111316 1.297899 0.885280 1.595470
1305031113.143306 1.302265 0.875471 1.590672
1305031113.179343 1.295925 0.861881 1.593429
1305031113.211259 1.296287 0.843622 1.597369
1305031113.243227 1.300647 0.827583 1.592811
1305031113.279312 1.292470 0.816700 1.599233
1305031113.311452 1.285195 0.796928 1.608262
1305031113.343252 1.292067 0.775808 1.605383
1305031113.379312 1.293228 0.762115 1.604232
1305031113.411625 1.287565 0.748626 1.612086
1305031113.443266 1.290788 0.727169 1.602350
1305031113.479311 1.290766 0.709905 1.603687
1305031113.511523 1.287472 0.691263 1.605352
1305031113.543242 1.281626 0.676645 1.605266
1305031113.579301 1.284401 0.659266 1.603368
1305031113.611268 1.282066 0.648503 1.602006
1305031113.643222 1.280273 0.635913 1.602121
1305031113.679288 1.278726 0.619988 1.602273
1305031113.711931 1.276110 0.608919 1.602143
1305031113.743590 1.275929 0.597216 1.600947
1305031113.779320 1.272638 0.581294 1.601776
1305031113.811237 1.273296 0.567667 1.599396
1305031113.843295 1.273242 0.554061 1.596651
1305031113.879281 1.265117 0.537344 1.600103
1305031113.911290 1.268294 0.526341 1.596049
1305031113.943291 1.265389 0.514818 1.596586
1305031113.979293 1.264447 0.499284 1.594907
1305031114.011257 1.264724 0.481250 1.592823
1305031114.043301 1.263595 0.461555 1.591903
1305031114.079285 1.261679 0.445899 1.591057
1305031114.111263 1.262784 0.432663 1.587830
1305031114.143284 1.259970 0.422506 1.587167
1305031114.179337 1.255008 0.412609 1.587811
1305031114.211303 1.260943 0.400194 1.582462
1305031114.243337 1.257647 0.382082 1.581439
1305031114.279390 1.256817 0.364787 1.580268
1305031114.311429 1.255065 0.355674 1.575093
1305031114.343331 1.252619 0.351167 1.574522
1305031114.379320 1.249492 0.340451 1.574843
1305031114.411397 1.248412 0.327739 1.574942
1305031114.443345 1.248901 0.313371 1.573890
1305031114.479332 1.245088 0.300506 1.572422
1305031114.511266 1.247111 0.298506 1.573405
1305031114.543236 1.243527 0.296456 1.571296
1305031114.579237 1.241621 0.290082 1.571164
1305031114.611391 1.243030 0.283918 1.571267
1305031114.644136 1.240532 0.275390 1.573291
1305031114.679251 1.237370 0.269555 1.574853
1305031114.711306 1.234726 0.270317 1.575282
1305031114.743200 1.233809 0.269937 1.575012
1305031114.779289 1.236008 0.271892 1.576050
1305031114.811303 1.239705 0.270640 1.574227
1305031114.843208 1.238821 0.272447 1.575147
1305031114.879281 1.241961 0.277079 1.572899
1305031114.912879 1.242940 0.281804 1.568864
1305031114.943234 1.244970 0.290384 1.566885
1305031114.979280 1.246345 0.297066 1.563864
1305031115.011300 1.250851 0.304054 1.560815
1305031115.043508 1.244679 0.318172 1.561767
1305031115.079238 1.248454 0.328530 1.557621
1305031115.111230 1.246676 0.352483 1.555797
1305031115.143275 1.242080 0.363538 1.557142
1305031115.179440 1.243477 0.366195 1.551771
1305031115.211374 1.235064 0.387843 1.556952
1305031115.243297 1.230711 0.404183 1.554487
1305031115.279966 1.235236 0.417062 1.547206
1305031115.311704 1.224510 0.442544 1.548108
1305031115.343235 1.230383 0.458541 1.548227
1305031115.379166 1.239264 0.456706 1.538690
1305031115.411237 1.232994 0.473630 1.540955
1305031115.443159 1.232326 0.501069 1.539639
1305031115.479241 1.232601 0.513258 1.536276
1305031115.511253 1.225269 0.547460 1.531142
1305031115.543604 1.223040 0.575461 1.533723
1305031115.579315 1.225755 0.582398 1.536424
1305031115.611424 1.225787 0.598539 1.536623
1305031115.643254 1.225575 0.616890 1.537739
1305031115.679241 1.228803 0.624650 1.540265
1305031115.711320 1.233677 0.645844 1.539299
1305031115.743250 1.231941 0.673386 1.535759
1305031115.779425 1.235309 0.693628 1.537754
1305031115.811277 1.239183 0.712134 1.538608
1305031115.843224 1.240054 0.723592 1.539665
1305031115.879198 1.236778 0.727937 1.541087
1305031115.911118 1.242516 0.749036 1.536760
1305031115.943311 1.243040 0.765581 1.535770
1305031115.980740 1.246138 0.778632 1.530699
1305031116.011379 1.247191 0.796393 1.529278
1305031116.043164 1.247834 0.811677 1.528342
1305031116.080030 1.252111 0.819308 1.521327
1305031116.111300 1.250949 0.833246 1.519284
1305031116.143441 1.246099 0.840398 1.517329
1305031116.179572 1.247936 0.850870 1.513607
1305031116.211299 1.250425 0.863418 1.507999
1305031116.243320 1.243065 0.876997 1.512381
1305031116.279385 1.245849 0.887422 1.513927
1305031116.311336 1.251979 0.890148 1.502567
1305031116.343292 1.241504 0.902652 1.517501
1305031116.379384 1.240126 0.903699 1.521742
1305031116.411333 1.248234 0.904962 1.520899
1305031116.443369 1.253499 0.905278 1.519280
1305031116.479850 1.249160 0.908272 1.526584
1305031116.511205 1.250960 0.901254 1.526228
1305031116.543262 1.255444 0.897150 1.526594
1305031116.579313 1.253778 0.881982 1.532982
1305031116.611261 1.251174 0.868210 1.541546
1305031116.643355 1.252058 0.854365 1.542481
1305031116.679281 1.251259 0.839790 1.540278
1305031116.711634 1.253307 0.825491 1.537681
1305031116.743291 1.254931 0.808450 1.536408
1305031116.779298 1.257434 0.794366 1.532075
1305031116.811318 1.255669 0.776175 1.531143
1305031116.846089 1.257754 0.743700 1.533092
1305031116.880165 1.259386 0.728315 1.527248
1305031116.912044 1.256880 0.705939 1.535258
1305031116.943296 1.262434 0.682588 1.529438
1305031116.979351 1.261833 0.674114 1.536462
1305031117.011382 1.260725 0.653810 1.526975
1305031117.043261 1.264866 0.639961 1.527826
1305031117.079520 1.266605 0.627091 1.527562
1305031117.111238 1.266519 0.613041 1.529086
1305031117.143218 1.269513 0.604258 1.524310
1305031117.179264 1.268144 0.595516 1.524318
1305031117.211361 1.268081 0.592296 1.519384
1305031117.243277 1.270655 0.592066 1.515577
1305031117.279299 1.267599 0.592333 1.516190
1305031117.311200 1.264513 0.587649 1.517504
1305031117.343243 1.260596 0.585131 1.520966
1305031117.379454 1.256912 0.583854 1.525036
1305031117.411221 1.253440 0.580519 1.529969
1305031117.443274 1.252485 0.582799 1.531995
1305031117.479403 1.248083 0.581781 1.537811
1305031117.511325 1.241398 0.582808 1.545164
1305031117.544285 1.239307 0.581057 1.547605
1305031117.579155 1.235503 0.580030 1.551898
1305031117.611159 1.229818 0.579062 1.555574
1305031117.643252 1.221690 0.578496 1.561445
1305031117.679262 1.216982 0.577879 1.563854
1305031117.711184 1.206725 0.579686 1.568960
1305031117.743184 1.197249 0.580101 1.575249
1305031117.779467 1.191013 0.580836 1.577406
1305031117.811320 1.177713 0.584225 1.585065
1305031117.843291 1.167535 0.590538 1.590482
1305031117.879451 1.160577 0.589345 1.594416
1305031117.911407 1.148864 0.587345 1.599674
1305031117.943253 1.142770 0.586939 1.602727
1305031117.979228 1.132929 0.584351 1.606868
1305031118.011228 1.117628 0.586851 1.613367
1305031118.043521 1.107944 0.587852 1.617227
1305031118.079334 1.098678 0.589898 1.622479
1305031118.111217 1.088526 0.593229 1.627145
1305031118.143256 1.081159 0.588155 1.630666
1305031118.179323 1.066639 0.592006 1.637909
1305031118.211202 1.055224 0.586463 1.643083
1305031118.243173 1.047755 0.585059 1.647385
1305031118.279194 1.035837 0.587669 1.654140
1305031118.311299 1.029172 0.587435 1.659753
1305031118.343324 1.024517 0.591088 1.661291
1305031118.379208 1.017958 0.587439 1.665161
1305031118.411296 1.016419 0.584972 1.663990
1305031118.445692 1.012259 0.589205 1.664660
1305031118.479285 1.007736 0.586980 1.667126
1305031118.511255 1.010448 0.590483 1.663201
1305031118.544414 1.012541 0.590598 1.657162
1305031118.579285 1.013198 0.593564 1.655167
1305031118.616142 1.018890 0.595360 1.652268
1305031118.645325 1.027149 0.592252 1.646642
1305031118.679295 1.033065 0.591834 1.643239
1305031118.711421 1.035536 0.589678 1.641563
1305031118.746770 1.047037 0.587054 1.635494
1305031118.779277 1.063505 0.586742 1.626751
1305031118.811221 1.061835 0.590825 1.627881
1305031118.846753 1.071831 0.595371 1.623860
1305031118.879208 1.098540 0.593059 1.611042
1305031118.911177 1.102123 0.592014 1.610005
1305031118.946974 1.115811 0.590874 1.603568
1305031118.979374 1.132627 0.587482 1.595199
1305031119.011363 1.143649 0.586563 1.589480
1305031119.047172 1.154387 0.582422 1.585436
1305031119.079223 1.165546 0.578329 1.580969
1305031119.111328 1.176936 0.576684 1.576852
1305031119.147616 1.190778 0.572871 1.572035
1305031119.179226 1.197265 0.574652 1.571318
1305031119.211364 1.210997 0.576134 1.565511
1305031119.247399 1.221623 0.573412 1.561566
1305031119.279212 1.233571 0.574423 1.555899
1305031119.311212 1.242176 0.573139 1.552083
1305031119.347741 1.250065 0.570542 1.547814
1305031119.379239 1.263360 0.570736 1.540520
1305031119.411484 1.271453 0.574794 1.536173
1305031119.447706 1.279265 0.574620 1.531485
1305031119.479267 1.290703 0.572494 1.524373
1305031119.511240 1.300175 0.568529 1.517411
1305031119.547382 1.310636 0.568070 1.510353
1305031119.579559 1.323718 0.568647 1.501307
1305031119.615017 1.328519 0.566501 1.495859
1305031119.647903 1.341507 0.564535 1.484397
1305031119.679208 1.351035 0.567874 1.476825
1305031119.715232 1.355940 0.565419 1.470869
1305031119.747193 1.362023 0.558421 1.465456
1305031119.779169 1.368306 0.558562 1.459399
1305031119.814537 1.376178 0.559735 1.453047
1305031119.847429 1.384409 0.558503 1.445131
1305031119.879214 1.387714 0.558531 1.443197
1305031119.911401 1.400427 0.555877 1.432389
1305031119.947392 1.406238 0.555580 1.427393
1305031119.979537 1.411001 0.556724 1.424390
1305031120.015264 1.422535 0.551985 1.411645
1305031120.047290 1.418598 0.549246 1.419127
1305031120.079418 1.418200 0.547852 1.419766
1305031120.115232 1.422176 0.547041 1.417137
1305031120.148157 1.419469 0.549453 1.420619
1305031120.179246 1.414855 0.551938 1.426353
1305031120.215249 1.410640 0.551062 1.429005
1305031120.248003 1.408257 0.551704 1.431747
1305031120.279430 1.402559 0.553702 1.437165
1305031120.315196 1.395603 0.553117 1.441238
1305031120.347787 1.388117 0.554400 1.447128
1305031120.379437 1.378469 0.557623 1.452827
1305031120.415445 1.365107 0.559247 1.461496
1305031120.447417 1.358015 0.559733 1.463309
1305031120.479432 1.344414 0.561351 1.471144
1305031120.514819 1.332878 0.561848 1.477401
1305031120.547736 1.322865 0.562609 1.481502
1305031120.579551 1.316280 0.562227 1.484857
1305031120.615236 1.303862 0.564022 1.490642
1305031120.647354 1.294927 0.568038 1.494663
1305031120.679318 1.287547 0.570788 1.497506
1305031120.714522 1.278484 0.570220 1.501806
1305031120.747369 1.267543 0.571217 1.507902
1305031120.779894 1.256855 0.575389 1.514242
1305031120.814944 1.251235 0.575229 1.516947
1305031120.847921 1.241771 0.576522 1.522315
1305031120.883435 1.231604 0.580139 1.529696
1305031120.915444 1.226882 0.578251 1.532403
1305031120.947488 1.217075 0.578589 1.538650
1305031120.983366 1.207714 0.578184 1.544694
1305031121.015019 1.198959 0.579387 1.551879
1305031121.047498 1.193713 0.578836 1.554957
1305031121.083099 1.181803 0.577689 1.563685
1305031121.114696 1.176319 0.578926 1.568848
1305031121.147331 1.169503 0.576263 1.574998
1305031121.183271 1.160488 0.577962 1.581758
1305031121.211420 1.150732 0.583538 1.588993
1305031121.247194 1.145636 0.579050 1.592636
1305031121.282876 1.135176 0.580014 1.599075
1305031121.313568 1.124769 0.582596 1.606273
1305031121.347517 1.118931 0.578851 1.611136
1305031121.383226 1.106047 0.584458 1.619739
1305031121.414318 1.099347 0.583308 1.622695
1305031121.447319 1.093350 0.583799 1.627614
1305031121.482964 1.079001 0.589147 1.633241
1305031121.514107 1.078698 0.582949 1.639618
1305031121.547270 1.073756 0.583983 1.643224
1305031121.583204 1.061359 0.584669 1.649168
1305031121.614700 1.054846 0.585695 1.652013
1305031121.647183 1.050041 0.588034 1.655661
1305031121.683200 1.041894 0.583696 1.662044
1305031121.714520 1.036390 0.579379 1.666545
1305031121.747145 1.030946 0.581963 1.668988
1305031121.782835 1.023185 0.583051 1.671289
1305031121.811540 1.018607 0.587533 1.673692
1305031121.847335 1.014944 0.584786 1.674496
1305031121.882060 1.013281 0.584114 1.675612
1305031121.914931 1.011768 0.583071 1.678040
1305031121.947288 1.010682 0.585308 1.677663
1305031121.982926 1.014455 0.587742 1.671678
1305031122.014256 1.017736 0.584653 1.672278
1305031122.047306 1.022927 0.585702 1.669567
1305031122.082959 1.029230 0.585959 1.665237
1305031122.114672 1.039025 0.583053 1.659867
1305031122.150725 1.046962 0.585004 1.653714
1305031122.183042 1.057032 0.585647 1.646915
1305031122.214959 1.076588 0.582201 1.636163
1305031122.251319 1.080644 0.581632 1.633230
1305031122.283560 1.093794 0.578462 1.625022
1305031122.314289 1.115049 0.573890 1.610715
1305031122.351327 1.120278 0.573973 1.607651
1305031122.382630 1.132604 0.569718 1.600543
1305031122.414997 1.141111 0.565372 1.597993
1305031122.451257 1.154193 0.564805 1.590880
1305031122.483360 1.163916 0.563232 1.587740
1305031122.515097 1.175286 0.564456 1.583514
1305031122.551490 1.187823 0.568183 1.578795
1305031122.583208 1.196904 0.566738 1.574194
1305031122.614980 1.203562 0.562084 1.569955
1305031122.648788 1.215592 0.561217 1.564489
1305031122.683402 1.227078 0.559553 1.558045
1305031122.715208 1.236346 0.557581 1.552334
1305031122.751298 1.249679 0.558519 1.544025
1305031122.783423 1.262925 0.559869 1.534501
1305031122.812555 1.268799 0.560542 1.530342
1305031122.851418 1.276700 0.565133 1.525100
1305031122.883754 1.287043 0.562051 1.516194
1305031122.914571 1.290596 0.555775 1.513870
1305031122.951341 1.297349 0.554462 1.509413
1305031122.982815 1.307220 0.551210 1.502182
1305031123.015450 1.311201 0.552960 1.500355
1305031123.051827 1.316672 0.554011 1.496854
1305031123.082975 1.328427 0.552161 1.487945
1305031123.113873 1.337684 0.550684 1.481201
1305031123.150822 1.343234 0.550188 1.476038
1305031123.182155 1.353888 0.551514 1.467251
1305031123.214704 1.360956 0.554028 1.459408
1305031123.250618 1.372940 0.550801 1.445043
1305031123.282347 1.378142 0.551695 1.439749
1305031123.311327 1.384013 0.551439 1.432192
1305031123.350481 1.390764 0.552609 1.425012
1305031123.382255 1.397680 0.554678 1.416510
1305031123.411363 1.400139 0.554838 1.415663
1305031123.451255 1.409828 0.550762 1.405906
1305031123.483594 1.416629 0.553256 1.399849
1305031123.511360 1.419672 0.552546 1.398695
1305031123.551513 1.426717 0.551594 1.392200
1305031123.579583 1.432502 0.552995 1.386853
1305031123.611335 1.440442 0.554898 1.379192
1305031123.652411 1.448160 0.556630 1.370790
1305031123.683753 1.453902 0.557393 1.364290
1305031123.711323 1.458158 0.558435 1.360650
1305031123.751723 1.462420 0.559764 1.359113
1305031123.783858 1.460984 0.556163 1.362921
1305031123.811608 1.462596 0.557872 1.362284
1305031123.851444 1.461848 0.556968 1.366129
1305031123.883786 1.459906 0.559587 1.369013
1305031123.911243 1.459067 0.559756 1.370022
1305031123.951442 1.459389 0.558705 1.369770
1305031123.983415 1.451733 0.557319 1.377247
1305031124.011302 1.443387 0.558325 1.383600
1305031124.051505 1.442192 0.557633 1.383727
1305031124.083837 1.436701 0.558477 1.384831
1305031124.111331 1.426338 0.558366 1.391724
1305031124.147446 1.423298 0.559381 1.391837
1305031124.182694 1.411775 0.559940 1.399843
1305031124.211396 1.397954 0.565697 1.409276
1305031124.249327 1.395309 0.562402 1.412144
1305031124.282545 1.388629 0.560380 1.416830
1305031124.311361 1.375918 0.563831 1.425894
1305031124.350354 1.371320 0.566127 1.428751
1305031124.382420 1.362278 0.569594 1.435714
1305031124.411439 1.353060 0.572072 1.443130
1305031124.450245 1.344186 0.572285 1.450642
1305031124.480099 1.334574 0.571426 1.460675
1305031124.511324 1.327643 0.570813 1.465909
1305031124.550437 1.318117 0.571945 1.473726
1305031124.579404 1.308621 0.570221 1.481034
1305031124.611358 1.296777 0.572245 1.489601
1305031124.651271 1.288221 0.572417 1.496039
1305031124.679362 1.274329 0.576661 1.505185
1305031124.711251 1.266240 0.577374 1.510716
1305031124.749890 1.254054 0.576723 1.518675
1305031124.779365 1.242388 0.577165 1.525366
1305031124.811360 1.232343 0.578814 1.530584
1305031124.850535 1.218968 0.579505 1.537609
1305031124.879355 1.205651 0.585093 1.543869
1305031124.911448 1.197775 0.584192 1.547648
1305031124.950730 1.184504 0.584637 1.551652
1305031124.979438 1.165481 0.584966 1.561728
1305031125.011454 1.156798 0.581671 1.566824
1305031125.050763 1.151347 0.586167 1.569289
1305031125.079364 1.138444 0.587361 1.574864
1305031125.111364 1.125528 0.587033 1.582197
1305031125.151013 1.119554 0.588679 1.588001
1305031125.179353 1.117092 0.587018 1.588516
1305031125.211320 1.103749 0.586271 1.595179
1305031125.250632 1.091722 0.583599 1.602776
1305031125.279467 1.087762 0.584713 1.605473
1305031125.311493 1.076671 0.584209 1.611785
1305031125.348880 1.072788 0.581769 1.613102
1305031125.379401 1.065712 0.587102 1.614632
1305031125.411335 1.060607 0.587618 1.616445
1305031125.451195 1.053365 0.584337 1.621662
1305031125.479424 1.044430 0.586351 1.625769
1305031125.511316 1.044298 0.583773 1.625543
1305031125.551020 1.042149 0.584993 1.626485
1305031125.579308 1.040109 0.584704 1.628004
1305031125.611533 1.035103 0.585413 1.632417
1305031125.650575 1.036486 0.579517 1.639041
1305031125.679328 1.047762 0.573941 1.637459
1305031125.711443 1.045971 0.578357 1.637969
1305031125.751260 1.059006 0.579724 1.632284
1305031125.779348 1.066439 0.580869 1.627242
1305031125.811573 1.076954 0.581820 1.619758
1305031125.847412 1.082738 0.580782 1.618683
1305031125.879318 1.093120 0.577963 1.615166
1305031125.911305 1.105670 0.572043 1.605098
1305031125.947343 1.111549 0.568389 1.604897
1305031125.979324 1.124023 0.569604 1.596175
1305031126.011333 1.134476 0.575562 1.587592
1305031126.047324 1.145683 0.579543 1.577433
1305031126.079356 1.156354 0.579988 1.570194
1305031126.111370 1.163538 0.580773 1.561067
1305031126.147432 1.176614 0.579889 1.548724
1305031126.179384 1.189351 0.578071 1.537763
1305031126.211319 1.193996 0.581238 1.532820
1305031126.247298 1.208227 0.581347 1.521403
1305031126.279363 1.216306 0.582602 1.512868
1305031126.311332 1.228533 0.584465 1.502504
1305031126.347363 1.236264 0.582773 1.496051
1305031126.379423 1.245855 0.579756 1.488665
1305031126.411465 1.256317 0.578229 1.479704
1305031126.447361 1.262289 0.576331 1.476666
1305031126.479533 1.271478 0.572671 1.470386
1305031126.511410 1.283872 0.572801 1.460216
1305031126.547374 1.290891 0.576285 1.454845
1305031126.579454 1.298278 0.577053 1.449157
1305031126.611528 1.305651 0.577059 1.443000
1305031126.647376 1.308393 0.578868 1.441450
1305031126.679479 1.314948 0.578587 1.437327
1305031126.711583 1.321135 0.579645 1.433761
1305031126.747316 1.321509 0.583128 1.435339
1305031126.779379 1.328978 0.582755 1.431950
1305031126.811602 1.333270 0.585666 1.429042
1305031126.847343 1.338000 0.585824 1.427496
1305031126.879357 1.341558 0.584689 1.425880
1305031126.911364 1.342447 0.586127 1.427147
1305031126.947437 1.345420 0.583007 1.425881
1305031126.979337 1.344657 0.584102 1.428474
1305031127.011371 1.345104 0.585498 1.429164
1305031127.047297 1.346538 0.585636 1.428378
1305031127.079299 1.345970 0.584158 1.428650
1305031127.111435 1.343846 0.582163 1.430645
1305031127.147307 1.340757 0.581762 1.432569
1305031127.179349 1.339878 0.583646 1.433781
1305031127.211700 1.337472 0.585382 1.434653
1305031127.247374 1.333458 0.586224 1.436426
1305031127.279465 1.332663 0.585306 1.437097
1305031127.311362 1.329439 0.583295 1.438138
1305031127.347356 1.322815 0.584873 1.442383
1305031127.379262 1.322878 0.583834 1.441233
1305031127.411371 1.320976 0.582640 1.440527
1305031127.447333 1.314722 0.583343 1.444227
1305031127.479362 1.315006 0.582401 1.442350
1305031127.511356 1.313560 0.581337 1.441861
1305031127.547348 1.308111 0.582495 1.444774
1305031127.579345 1.307646 0.582118 1.443976
1305031127.611271 1.307474 0.582324 1.442656
1305031127.647358 1.303823 0.583112 1.444849
1305031127.679298 1.302280 0.582863 1.445815
1305031127.711375 1.304015 0.581218 1.443813
1305031127.747304 1.301489 0.582857 1.444418
1305031127.779346 1.298542 0.582647 1.446773
1305031127.811829 1.300968 0.580732 1.446328
1305031127.847366 1.300430 0.580318 1.446930
1305031127.879380 1.298438 0.579602 1.448018
1305031127.911476 1.299151 0.578773 1.447055
1305031127.947366 1.299444 0.578721 1.446330
1305031127.979371 1.298064 0.577734 1.445394
1305031128.011427 1.296402 0.580347 1.444681
1305031128.047369 1.292556 0.582052 1.444820
1305031128.079334 1.288851 0.581416 1.446029
1305031128.111391 1.288791 0.580954 1.445466
1305031128.147418 1.286789 0.582398 1.445246
1305031128.179350 1.281895 0.584494 1.448007
1305031128.211447 1.283844 0.583190 1.446235
1305031128.247480 1.284186 0.582995 1.445700
1305031128.279336 1.280821 0.584198 1.447344
1305031128.311483 1.281841 0.582987 1.447268
1305031128.347423 1.282093 0.582303 1.447492
1305031128.379404 1.280960 0.581944 1.448507
1305031128.411337 1.280307 0.581830 1.448913
1305031128.447296 1.280865 0.580868 1.449370
1305031128.479296 1.280992 0.578895 1.448543
1305031128.511433 1.279230 0.581133 1.450822
1305031128.547399 1.279239 0.581581 1.450953
1305031128.579455 1.276904 0.582597 1.453222
1305031128.611395 1.277459 0.580118 1.453996
1305031128.647352 1.278135 0.578288 1.453891
1305031128.679282 1.276605 0.579575 1.455363
1305031128.711457 1.276753 0.581471 1.456096
1305031128.747363 1.277344 0.582388 1.456001