1305031102.345800 1.299100 0.625700 1.611800 1305031102.343233 1.297071 0.625454 1.611177
1305031102.375800 1.292200 0.625600 1.604100 1305031102.375329 1.288024 0.625755 1.602473
1305031102.415900 1.283000 0.625700 1.593300 1305031102.411258 1.283653 0.623388 1.593073
1305031102.445800 1.275700 0.625600 1.585300 1305031102.443271 1.282666 0.622987 1.584112
1305031102.475800 1.268300 0.625500 1.577000 1305031102.475318 1.272281 0.624039 1.574565
1305031102.515900 1.258200 0.625100 1.566100 1305031102.511219 1.259422 0.627807 1.565738
1305031102.545900 1.250900 0.624700 1.558300 1305031102.543220 1.252194 0.625664 1.558476
1305031102.575900 1.243400 0.624400 1.550800 1305031102.575286 1.240148 0.627286 1.549030
1305031102.615900 1.233600 0.624400 1.540700 1305031102.611233 1.226187 0.628131 1.539292
1305031102.645800 1.226300 0.624300 1.532400 1305031102.643265 1.226615 0.623198 1.535599
1305031102.675900 1.219000 0.624500 1.523600 1305031102.675285 1.216571 0.625559 1.525592
1305031102.715900 1.208900 0.624500 1.511600 1305031102.711263 1.207670 0.624502 1.516950
1305031102.745800 1.201200 0.624700 1.502000 1305031102.743234 1.203346 0.625121 1.505446
1305031102.775800 1.193700 0.624800 1.492900 1305031102.775472 1.191385 0.628459 1.492252
1305031102.815900 1.184300 0.625200 1.480300 1305031102.811232 1.187127 0.623671 1.480386
1305031102.845800 1.177200 0.625200 1.471300 1305031102.843290 1.175704 0.625586 1.467338
1305031102.875800 1.170700 0.625000 1.462700 1305031102.875363 1.169667 0.622738 1.459315
1305031102.915900 1.162200 0.624400 1.451300 1305031102.911185 1.163193 0.624671 1.451472
1305031102.945800 1.156100 0.623700 1.443000 1305031102.943229 1.158400 0.619858 1.445588
1305031102.975900 1.150100 0.622600 1.434300 1305031102.975203 1.151828 0.615310 1.435915
1305031103.015900 1.142400 0.621500 1.423300 1305031103.011215 1.144149 0.618210 1.423383
1305031103.045800 1.137100 0.621100 1.415100 1305031103.043227 1.140536 0.616433 1.417651
1305031103.075800 1.132200 0.620900 1.407800 1305031103.075319 1.124145 0.629214 1.402035
1305031103.115800 1.125700 0.620600 1.397900 1305031103.111240 1.129518 0.626656 1.400043